65 135 42 38 
67 140 42 38 
70 145 42 38 
72 148 42 38 
74 152 42 38 
74 156 42 38 
75 161 42 38 
77 165 42 38 
78 168 42 38 
79 170 42 38 
80 172 42 38 
79 174 42 38 
77 174 42 38 
74 171 42 38 
71 165 42 38 
68 159 42 38 
66 152 42 38 
64 144 42 38 
63 136 42 38 
62 130 42 38 
63 124 42 38 
64 118 42 38 
65 113 42 38 
66 112 42 38 
67 116 42 38 
70 124 42 38 
72 133 42 38 
74 141 42 38 
76 148 42 38 
68 154 42 38 
64 157 42 38 
62 161 42 38 
62 164 42 38 
66 166 42 38 
77 164 42 38 
79 161 42 38 
79 159 42 38 
78 155 42 38 
77 149 42 38 
75 143 42 38 
72 136 42 38 
68 131 42 38 
62 125 42 38 
58 127 42 38 
57 134 42 38 
58 145 42 38 
59 160 42 38 
59 174 42 38 
60 184 42 38 
61 190 42 38 
63 191 42 38 
65 188 42 38 
68 181 42 38 
72 171 42 38 
74 159 42 38 
76 144 42 38 
77 129 42 38 
77 119 42 38 
77 111 42 38 
78 104 42 38 
78 102 42 38 
75 101 42 38 
69 100 42 38 
63 105 42 38 
56 114 42 38 
49 125 42 38 
45 137 42 38 
45 149 42 38 
47 160 42 38 
49 163 42 38 
49 161 42 38 
53 158 42 38 
58 161 42 38 
61 167 42 38 
62 177 42 38 
61 187 42 38 
60 195 42 38 
56 202 42 38 
52 201 42 38 
50 194 42 38 
50 185 42 38 
52 173 42 38 
53 161 42 38 
54 149 42 38 
56 140 42 38 
58 132 42 38 
60 125 42 38 
60 118 42 38 
59 111 42 38 
57 105 42 38 
53 100 42 38 
49 92 42 38 
47 93 42 38 
46 86 42 38 
47 80 42 38 
49 77 42 38 
52 77 42 38 
55 80 42 38 
57 84 42 38 
60 90 42 38 
61 97 42 38 
61 104 42 38 
64 111 42 38 
67 110 42 38 
69 110 42 38 
69 109 42 38 
70 109 42 38 
70 109 42 38 
69 112 42 38 
69 120 42 38 
69 129 42 38 
71 129 42 38 
72 138 42 38 
73 149 42 38 
72 160 42 38 
71 171 42 38 
69 181 42 38 
67 189 42 38 
66 197 42 38 
66 201 42 38 
66 201 42 38 
68 200 42 38 
71 198 42 38 
73 195 42 38 
74 194 42 38 
72 194 42 38 
69 196 42 38 
64 195 42 38 
59 188 42 38 
56 180 42 38 
56 173 42 38 
58 163 42 38 
60 149 42 38 
62 135 42 38 
62 126 42 38 
60 121 42 38 
58 122 42 38 
59 115 42 38 
59 110 42 38 
60 105 42 38 
63 103 42 38 
64 97 42 38 
68 94 42 38 
70 90 42 38 
71 88 42 38 
71 89 42 38 
71 92 42 38 
71 81 42 38 
67 83 42 38 
66 93 42 38 
66 103 42 38 
74 63 42 38 
64 58 42 38 
55 112 42 38 
60 161 42 38 
55 158 42 38 
51 168 42 38 
47 175 42 38 
45 176 42 38 
46 175 42 38 
49 170 42 38 
52 165 42 38 
43 159 42 38 
39 155 42 38 
41 150 42 38 
46 144 42 38 
45 144 42 38 
46 137 42 38 
47 130 42 38 
48 124 42 38 
49 118 42 38 
49 110 42 38 
49 103 42 38 
49 102 42 38 
49 104 42 38 
49 105 42 38 
49 109 42 38 
49 115 42 38 
49 124 42 38 
49 134 42 38 
50 141 42 38 
57 140 42 38 
57 135 42 38 
58 127 42 38 
58 120 42 38 
54 120 42 38 
49 125 42 38 
47 135 42 38 
49 139 42 38 
58 140 42 38 
63 127 42 38 
67 122 42 38 
57 111 42 38 
51 131 42 38 
35 131 42 38 
49 169 42 38 
66 160 42 38 
62 151 42 38 
61 143 42 38 
57 142 42 38 
51 141 42 38 
47 134 42 38 
50 125 42 38 
58 120 42 38 
64 119 42 38 
66 125 42 38 
62 133 42 38 
58 136 42 38 
54 135 42 38 
51 132 42 38 
52 125 42 38 
60 113 42 38 
69 106 42 38 
78 107 42 38 
76 122 42 38 
78 129 42 38 
74 141 42 38 
66 150 42 38 
58 158 42 38 
52 166 42 38 
50 173 42 38 
52 177 42 38 
58 171 42 38 
62 163 42 38 
66 156 42 38 
71 151 42 38 
70 146 42 38 
66 148 42 38 
61 138 42 38 
63 144 42 38 
67 142 42 38 
71 156 42 38 
71 149 42 38 
71 137 42 38 
64 111 42 38 
71 112 42 38 
72 111 42 38 
74 102 42 38 
70 113 42 38 
65 130 42 38 
63 143 42 38 
66 151 42 38 
69 161 42 38 
71 167 42 38 
72 166 42 38 
76 157 42 38 
80 145 42 38 
81 150 42 38 
83 145 42 38 
82 142 42 38 
80 140 42 38 
76 138 42 38 
74 141 42 38 
71 150 42 38 
64 147 42 38 
58 158 42 38 
53 164 42 38 
52 161 42 38 
54 157 42 38 
57 158 42 38 
60 162 42 38 
61 168 42 38 
59 174 42 38 
53 177 42 38 
46 178 42 38 
44 178 42 38 
46 178 42 38 
50 179 42 38 
53 180 42 38 
56 178 42 38 
58 174 42 38 
58 173 42 38 
56 173 42 38 
51 174 42 38 
44 176 42 38 
36 177 42 38 
30 177 42 38 
26 173 42 38 
24 169 42 38 
27 164 42 38 
33 161 42 38 
34 159 42 38 
36 159 42 38 
44 158 42 38 
51 156 42 38 
65 153 42 38 
69 149 42 38 
72 142 42 38 
73 134 42 38 
73 125 42 38 
72 117 42 38 
69 107 42 38 
62 107 42 38 
59 110 42 38 
57 114 42 38 
58 119 42 38 
60 122 42 38 
62 120 42 38 
64 115 42 38 
68 111 42 38 
69 111 42 38 
61 116 42 38 
51 121 42 38 
44 122 42 38 
41 122 42 38 
41 115 42 38 
46 103 42 38 
49 102 42 38 
55 99 42 38 
60 103 42 38 
64 113 42 38 
62 112 42 38 
68 122 42 38 
74 133 42 38 
73 132 42 38 
79 142 42 38 
79 148 42 38 
86 141 42 38 
93 134 42 38 
95 132 42 38 
92 133 42 38 
82 141 42 38 
69 151 42 38 
57 160 42 38 
47 162 42 38 
44 154 42 38 
43 156 42 38 
47 146 42 38 
47 143 42 38 
44 150 42 38 
46 154 42 38 
56 151 42 38 
70 146 42 38 
77 145 42 38 
76 149 42 38 
74 142 42 38 
70 147 42 38 
66 153 42 38 
62 149 42 38 
64 147 42 38 
65 149 42 38 
63 147 42 38 
66 147 42 38 
66 147 42 38 
66 147 42 38 
66 147 42 38 
66 147 42 38 
66 147 42 38 
66 147 42 38 
66 147 42 38 
66 147 42 38 
66 147 42 38 
66 147 42 38 
66 147 42 38 
