65 135 42 38 
67 140 42 38 
70 145 42 38 
72 148 42 38 
74 152 42 38 
74 156 42 38 
75 161 42 38 
77 165 42 38 
78 168 42 38 
79 170 42 38 
80 172 42 38 
79 174 42 38 
77 174 42 38 
74 171 42 38 
71 165 42 38 
68 159 42 38 
66 152 42 38 
64 144 42 38 
63 136 42 38 
62 130 42 38 
63 124 42 38 
64 118 42 38 
65 113 42 38 
66 112 42 38 
67 116 42 38 
70 124 42 38 
72 133 42 38 
74 141 42 38 
76 148 42 38 
68 154 42 38 
64 157 42 38 
62 161 42 38 
62 164 42 38 
66 166 42 38 
77 164 42 38 
79 161 42 38 
79 159 42 38 
78 155 42 38 
77 149 42 38 
75 143 42 38 
72 136 42 38 
68 131 42 38 
62 125 42 38 
58 127 42 38 
57 134 42 38 
58 145 42 38 
59 160 42 38 
59 174 42 38 
60 184 42 38 
61 190 42 38 
63 191 42 38 
65 188 42 38 
68 181 42 38 
72 171 42 38 
74 159 42 38 
76 144 42 38 
77 129 42 38 
77 119 42 38 
77 111 42 38 
78 104 42 38 
78 102 42 38 
75 101 42 38 
69 100 42 38 
63 105 42 38 
56 114 42 38 
49 125 42 38 
45 137 42 38 
45 149 42 38 
47 160 42 38 
49 163 42 38 
49 161 42 38 
53 158 42 38 
58 161 42 38 
61 167 42 38 
62 177 42 38 
61 187 42 38 
60 195 42 38 
56 202 42 38 
52 201 42 38 
50 194 42 38 
50 185 42 38 
52 173 42 38 
53 161 42 38 
54 149 42 38 
56 140 42 38 
58 132 42 38 
60 125 42 38 
60 118 42 38 
59 111 42 38 
57 105 42 38 
53 100 42 38 
49 92 42 38 
47 93 42 38 
46 86 42 38 
47 80 42 38 
49 77 42 38 
52 77 42 38 
55 80 42 38 
57 84 42 38 
60 90 42 38 
61 97 42 38 
61 104 42 38 
64 111 42 38 
67 110 42 38 
69 110 42 38 
69 109 42 38 
70 109 42 38 
70 109 42 38 
69 112 42 38 
69 120 42 38 
69 129 42 38 
71 129 42 38 
72 138 42 38 
73 149 42 38 
72 160 42 38 
71 171 42 38 
69 181 42 38 
67 189 42 38 
66 197 42 38 
66 201 42 38 
66 201 42 38 
68 200 42 38 
71 198 42 38 
73 195 42 38 
74 194 42 38 
72 194 42 38 
69 196 42 38 
64 195 42 38 
59 188 42 38 
56 180 42 38 
56 173 42 38 
58 163 42 38 
60 149 42 38 
62 135 42 38 
62 126 42 38 
60 121 42 38 
58 122 42 38 
59 115 42 38 
59 110 42 38 
60 105 42 38 
63 103 42 38 
64 97 42 38 
68 94 42 38 
70 90 42 38 
71 88 42 38 
71 89 42 38 
71 92 42 38 
71 81 42 38 
67 83 42 38 
66 93 42 38 
66 103 42 38 
62 113 42 38 
61 123 42 38 
63 134 42 38 
59 144 42 38 
54 155 42 38 
50 166 42 38 
46 173 42 38 
44 175 42 38 
45 173 42 38 
48 169 42 38 
50 164 42 38 
42 158 42 38 
38 154 42 38 
40 149 42 38 
45 143 42 38 
44 143 42 38 
45 136 42 38 
46 130 42 38 
47 124 42 38 
48 118 42 38 
48 111 42 38 
48 103 42 38 
48 101 42 38 
48 103 42 38 
48 105 42 38 
48 109 42 38 
48 115 42 38 
48 123 42 38 
48 133 42 38 
49 140 42 38 
56 139 42 38 
56 134 42 38 
57 126 42 38 
57 119 42 38 
53 119 42 38 
48 124 42 38 
46 134 42 38 
48 138 42 38 
56 140 42 38 
64 136 42 38 
61 132 42 38 
62 133 42 38 
63 134 42 38 
64 134 42 38 
63 136 42 38 
63 137 42 38 
62 150 42 38 
60 143 42 38 
56 142 42 38 
50 142 42 38 
45 134 42 38 
49 125 42 38 
57 119 42 38 
63 118 42 38 
65 124 42 38 
61 133 42 38 
57 135 42 38 
53 135 42 38 
50 133 42 38 
51 125 42 38 
58 112 42 38 
68 105 42 38 
77 107 42 38 
82 102 42 38 
82 102 42 38 
82 102 42 38 
82 102 42 38 
82 102 42 38 
82 102 42 38 
82 102 42 38 
82 102 42 38 
82 102 42 38 
82 102 42 38 
82 102 42 38 
82 102 42 38 
82 102 42 38 
82 102 42 38 
82 102 42 38 
82 102 42 38 
82 102 42 38 
82 102 42 38 
82 102 42 38 
82 102 42 38 
81 102 42 38 
81 101 42 38 
82 100 42 38 
81 102 42 38 
81 102 42 38 
82 102 42 38 
82 102 42 38 
82 102 42 38 
82 102 42 38 
82 102 42 38 
82 102 42 38 
82 102 42 38 
82 102 42 38 
82 102 42 38 
82 102 42 38 
82 102 42 38 
82 102 42 38 
82 102 42 38 
81 102 42 38 
82 102 42 38 
82 102 42 38 
82 102 42 38 
82 102 42 38 
82 102 42 38 
82 102 42 38 
82 102 42 38 
82 102 42 38 
82 102 42 38 
82 102 42 38 
82 102 42 38 
82 102 42 38 
82 102 42 38 
82 102 42 38 
82 102 42 38 
82 102 42 38 
82 102 42 38 
82 102 42 38 
82 102 42 38 
82 102 42 38 
82 102 42 38 
82 102 42 38 
82 102 42 38 
82 102 42 38 
82 102 42 38 
82 102 42 38 
82 102 42 38 
82 102 42 38 
82 102 42 38 
82 102 42 38 
82 102 42 38 
82 102 42 38 
82 102 42 38 
82 102 42 38 
82 102 42 38 
82 102 42 38 
82 102 42 38 
82 102 42 38 
83 102 42 38 
82 102 42 38 
81 102 42 38 
81 102 42 38 
82 102 42 38 
82 102 42 38 
83 102 42 38 
84 102 42 38 
83 102 42 38 
83 102 42 38 
84 102 42 38 
82 103 42 38 
82 102 42 38 
82 102 42 38 
82 102 42 38 
82 102 42 38 
83 102 42 38 
83 101 42 38 
83 101 42 38 
83 102 42 38 
82 102 42 38 
82 102 42 38 
82 102 42 38 
82 102 42 38 
82 102 42 38 
82 102 42 38 
82 102 42 38 
82 102 42 38 
82 102 42 38 
82 102 42 38 
82 102 42 38 
82 102 42 38 
82 102 42 38 
82 102 42 38 
82 102 42 38 
82 102 42 38 
82 102 42 38 
82 102 42 38 
82 102 42 38 
81 100 42 38 
81 100 42 38 
81 100 42 38 
81 100 42 38 
81 100 42 38 
82 103 42 38 
81 100 42 38 
82 102 42 38 
82 103 42 38 
82 100 42 38 
83 102 42 38 
90 93 42 38 
82 99 42 38 
88 97 42 38 
82 101 42 38 
82 101 42 38 
82 101 42 38 
82 100 42 38 
82 101 42 38 
81 100 42 38 
82 101 42 38 
82 101 42 38 
82 101 42 38 
82 101 42 38 
