108 180 63 52 
108 180 63 52 
108 182 63 52 
108 182 63 52 
108 186 63 52 
106 192 63 52 
102 200 63 52 
98 206 63 52 
96 214 63 52 
98 220 63 52 
100 228 63 52 
100 236 63 52 
102 240 63 52 
104 240 63 52 
108 232 63 52 
108 212 63 52 
106 196 63 52 
106 180 63 52 
102 172 63 52 
102 158 63 52 
102 142 63 52 
106 132 63 52 
106 116 63 52 
108 100 63 52 
108 92 63 52 
108 84 63 52 
112 82 63 52 
112 86 63 52 
110 88 63 52 
110 88 63 52 
110 86 63 52 
112 82 63 52 
114 80 63 52 
118 80 63 52 
118 84 63 52 
118 90 63 52 
120 92 63 52 
122 92 63 52 
122 98 63 52 
124 108 63 52 
126 118 63 52 
130 128 63 52 
134 138 63 52 
136 146 63 52 
140 150 63 52 
142 152 63 52 
146 154 63 52 
146 158 63 52 
144 160 63 52 
136 162 63 52 
124 164 63 52 
108 166 63 52 
104 168 63 52 
100 170 63 52 
98 172 63 52 
96 176 63 52 
102 178 63 52 
112 182 63 52 
120 184 63 52 
122 188 63 52 
124 190 63 52 
126 194 63 52 
126 200 63 52 
126 202 63 52 
124 204 63 52 
124 208 63 52 
124 206 63 52 
124 200 63 52 
126 192 63 52 
128 182 63 52 
128 178 63 52 
130 176 63 52 
130 178 63 52 
130 180 63 52 
130 182 63 52 
132 184 63 52 
132 186 63 52 
132 186 63 52 
132 186 63 52 
130 184 63 52 
130 182 63 52 
130 180 63 52 
130 178 63 52 
130 176 63 52 
130 172 63 52 
130 168 63 52 
128 160 63 52 
128 156 63 52 
128 152 63 52 
126 148 63 52 
126 144 63 52 
124 142 63 52 
120 142 63 52 
118 142 63 52 
120 144 63 52 
122 146 63 52 
120 148 63 52 
118 146 63 52 
116 146 63 52 
116 144 63 52 
118 146 63 52 
120 150 63 52 
120 156 63 52 
118 164 63 52 
118 170 63 52 
118 176 63 52 
116 184 63 52 
118 192 63 52 
120 200 63 52 
124 194 63 52 
126 190 63 52 
124 188 63 52 
124 186 63 52 
124 188 63 52 
124 182 63 52 
124 174 63 52 
122 174 63 52 
122 176 63 52 
122 178 63 52 
120 180 63 52 
120 184 63 52 
120 186 63 52 
120 190 63 52 
118 178 63 52 
116 170 63 52 
114 166 63 52 
112 164 63 52 
110 162 63 52 
106 160 63 52 
104 160 63 52 
112 160 63 52 
122 162 63 52 
128 162 63 52 
132 164 63 52 
134 166 63 52 
138 168 63 52 
142 174 63 52 
144 180 63 52 
146 184 63 52 
150 186 63 52 
152 188 63 52 
152 186 63 52 
154 174 63 52 
158 170 63 52 
150 166 63 52 
140 166 63 52 
132 168 63 52 
130 174 63 52 
132 176 63 52 
134 178 63 52 
136 176 63 52 
124 174 63 52 
116 172 63 52 
118 170 63 52 
118 170 63 52 
118 170 63 52 
120 172 63 52 
120 170 63 52 
122 170 63 52 
122 166 63 52 
122 164 63 52 
124 162 63 52 
124 158 63 52 
124 156 63 52 
124 152 63 52 
124 150 63 52 
124 148 63 52 
124 146 63 52 
124 142 63 52 
124 140 63 52 
122 138 63 52 
122 134 63 52 
122 132 63 52 
122 132 63 52 
122 140 63 52 
122 146 63 52 
122 148 63 52 
120 146 63 52 
120 144 63 52 
120 144 63 52 
120 142 63 52 
120 142 63 52 
120 144 63 52 
118 146 63 52 
116 148 63 52 
116 152 63 52 
116 156 63 52 
124 160 63 52 
124 166 63 52 
122 168 63 52 
120 172 63 52 
118 174 63 52 
116 174 63 52 
116 174 63 52 
116 170 63 52 
116 166 63 52 
114 158 63 52 
124 152 63 52 
126 144 63 52 
126 140 63 52 
124 138 63 52 
124 138 63 52 
126 136 63 52 
124 134 63 52 
122 132 63 52 
120 128 63 52 
120 122 63 52 
118 112 63 52 
120 116 63 52 
118 126 63 52 
116 134 63 52 
114 134 63 52 
114 132 63 52 
114 130 63 52 
120 130 63 52 
124 132 63 52 
128 136 63 52 
128 140 63 52 
128 142 63 52 
124 148 63 52 
124 152 63 52 
122 160 63 52 
122 164 63 52 
120 168 63 52 
118 170 63 52 
116 170 63 52 
116 170 63 52 
116 170 63 52 
116 172 63 52 
116 174 63 52 
116 174 63 52 
114 172 63 52 
116 170 63 52 
116 178 63 52 
116 184 63 52 
116 178 63 52 
116 168 63 52 
118 158 63 52 
118 160 63 52 
110 160 63 52 
102 164 63 52 
94 172 63 52 
88 176 63 52 
88 182 63 52 
90 178 63 52 
94 172 63 52 
96 168 63 52 
98 170 63 52 
100 162 63 52 
102 154 63 52 
102 146 63 52 
104 142 63 52 
110 146 63 52 
116 148 63 52 
118 150 63 52 
118 152 63 52 
118 154 63 52 
118 158 63 52 
118 162 63 52 
118 164 63 52 
116 168 63 52 
116 170 63 52 
116 170 63 52 
114 164 63 52 
114 164 63 52 
118 170 63 52 
126 176 63 52 
134 182 63 52 
136 178 63 52 
138 168 63 52 
140 158 63 52 
142 150 63 52 
142 144 63 52 
142 140 63 52 
142 138 63 52 
142 136 63 52 
142 134 63 52 
142 134 63 52 
140 134 63 52 
140 138 63 52 
138 144 63 52 
138 148 63 52 
136 150 63 52 
136 152 63 52 
146 154 63 52 
154 158 63 52 
154 160 63 52 
154 164 63 52 
154 168 63 52 
152 170 63 52 
152 166 63 52 
152 162 63 52 
150 164 63 52 
150 168 63 52 
150 166 63 52 
150 168 63 52 
148 164 63 52 
148 158 63 52 
148 152 63 52 
148 148 63 52 
148 150 63 52 
148 152 63 52 
148 154 63 52 
148 154 63 52 
148 154 63 52 
148 154 63 52 
148 146 63 52 
148 140 63 52 
148 140 63 52 
142 140 63 52 
136 142 63 52 
136 144 63 52 
128 144 63 52 
122 142 63 52 
120 142 63 52 
120 140 63 52 
120 138 63 52 
120 136 63 52 
120 132 63 52 
126 130 63 52 
134 126 63 52 
134 122 63 52 
134 114 63 52 
136 108 63 52 
138 106 63 52 
140 110 63 52 
144 112 63 52 
146 118 63 52 
148 122 63 52 
148 124 63 52 
150 124 63 52 
150 124 63 52 
148 124 63 52 
142 132 63 52 
138 138 63 52 
138 142 63 52 
140 144 63 52 
142 144 63 52 
142 144 63 52 
142 144 63 52 
140 144 63 52 
140 144 63 52 
140 144 63 52 
140 142 63 52 
138 142 63 52 
134 134 63 52 
132 124 63 52 
132 114 63 52 
132 100 63 52 
138 84 63 52 
138 76 63 52 
140 70 63 52 
140 68 63 52 
142 72 63 52 
144 78 63 52 
146 82 63 52 
146 78 63 52 
148 76 63 52 
152 78 63 52 
154 82 63 52 
158 84 63 52 
156 90 63 52 
150 96 63 52 
142 98 63 52 
136 98 63 52 
134 98 63 52 
138 104 63 52 
146 106 63 52 
150 106 63 52 
152 106 63 52 
156 110 63 52 
156 112 63 52 
158 118 63 52 
158 124 63 52 
158 130 63 52 
158 134 63 52 
158 138 63 52 
156 140 63 52 
156 144 63 52 
156 148 63 52 
158 154 63 52 
158 156 63 52 
160 162 63 52 
162 160 63 52 
152 150 63 52 
136 138 63 52 
122 132 63 52 
120 128 63 52 
132 128 63 52 
154 130 63 52 
178 134 63 52 
190 134 63 52 
192 134 63 52 
190 136 63 52 
186 136 63 52 
180 138 63 52 
176 138 63 52 
168 140 63 52 
162 140 63 52 
158 136 63 52 
158 132 63 52 
156 128 63 52 
156 130 63 52 
156 130 63 52 
156 130 63 52 
156 130 63 52 
156 130 63 52 
156 130 63 52 
154 130 63 52 
154 130 63 52 
154 130 63 52 
154 130 63 52 
154 130 63 52 
154 128 63 52 
154 128 63 52 
154 128 63 52 
154 128 63 52 
154 128 63 52 
154 128 63 52 
154 128 63 52 
154 128 63 52 
154 128 63 52 
154 128 63 52 
154 130 63 52 
154 132 63 52 
154 132 63 52 
154 134 63 52 
154 134 63 52 
156 134 63 52 
158 136 63 52 
160 136 63 52 
162 138 63 52 
164 140 63 52 
166 141 63 52 
168 144 63 52 
171 146 63 52 
173 147 63 52 
175 150 63 52 
178 151 63 52 
180 153 63 52 
182 156 63 52 
185 158 63 52 
187 160 63 52 
190 162 63 52 
192 164 63 52 
195 166 63 52 
198 168 63 52 
196 164 63 52 
194 164 63 52 
192 164 63 52 
188 164 63 52 
178 160 63 52 
168 156 63 52 
158 154 63 52 
154 164 63 52 
148 164 63 52 
144 162 63 52 
138 156 63 52 
130 148 63 52 
122 140 63 52 
118 136 63 52 
116 132 63 52 
112 124 63 52 
110 120 63 52 
106 114 63 52 
102 110 63 52 
98 106 63 52 
92 98 63 52 
86 90 63 52 
82 82 63 52 
78 70 63 52 
76 60 63 52 
72 48 63 52 
72 40 63 52 
68 28 63 52 
68 20 63 52 
66 10 63 52 
64 0 63 52 
64 0 63 52 
68 0 63 52 
72 0 63 52 
76 0 63 52 
84 0 63 52 
92 0 63 52 
102 0 63 52 
114 0 63 52 
129 0 63 52 
145 0 63 52 
164 0 63 52 
186 0 63 52 
212 0 63 52 
241 0 63 52 
274 0 63 52 
311 0 63 52 
355 0 63 52 
404 0 63 52 
460 0 63 52 
524 0 63 52 
597 0 63 52 
681 0 63 52 
776 0 63 52 
884 0 63 52 
